#test for 4815
1 0 0 24 1980 1 0
3028.6392 -6865.5792 05BL027
0.1
-1
-1
-1
-1
-1
-1
-1
-1
-1
-1
-1
-1
-1
-1
-1
-1
-1
-1
-1
-1
-1
-1
-1
-1
-1
-1
-1
-1
-1
-1
-1
-1
-1
-1
-1
-1
-1
-1
-1
-1
-1
-1
-1
-1
-1
-1
-1
-1
-1
-1
-1
-1
-1
-1
-1
-1
-1
-1
-1
-1
-1
-1
-1
-1
-1
-1
-1
-1
-1
-1
-1
-1
-1
-1
-1
-1
-1
-1
-1
-1
-1
-1
-1
-1
-1
-1
-1
-1
-1
-1
-1
-1
-1
-1
-1
-1
-1
-1
-1
-1
-1
-1
-1
-1
-1
-1
-1
-1
-1
-1
-1
-1
1.3
1.81
2.01
2.2
2.46
2.65
2.77
2.62
2.52
2.59
2.77
2.52
2.5
2.47
2.21
2.07
1.99
1.82
1.72
1.67
1.59
1.55
1.59
1.6
1.59
1.61
1.64
1.64
1.85
1.81
2.01
2.74
2.79
5.43
4.63
4.62
4.29
3.88
3.56
3.59
4.22
8.22
7.89
5.99
6.25
5.18
5.18
6.77
8.91
6.93
5.5
4.77
4.72
4.99
4.68
4.2
3.75
3.41
3.19
2.97
2.74
2.55
2.43
2.4
2.36
2.28
2.13
2.04
1.94
1.83
1.74
1.66
1.6
1.53
1.47
1.4
1.33
1.3
1.27
1.24
1.22
1.16
1.11
1.08
1.04
1.03
1.01
1.11
0.99
0.944
0.914
0.907
0.882
0.864
0.852
0.836
0.782
0.793
0.733
0.713
0.7
0.696
0.756
0.68
0.769
1.21
1.13
1.08
2.18
1.92
2.01
2.5
2.4
2.14
1.88
1.76
1.68
1.73
1.64
1.51
1.44
1.35
1.28
1.31
1.22
1.15
1.09
1.11
1.1
1.03
1.04
1.01
0.985
0.996
0.927
0.903
0.88
0.911
0.901
0.857
0.847
0.839
0.897
1.07
1.09
1.53
1.61
1.76
1.73
1.69
1.62
1.54
1.48
1.42
1.41
1.38
1.33
1.31
1.29
1.27
1.58
1.5
1.45
1.42
1.39
1.36
1.33
1.31
1.31
1.32
1.22
1.21
1.17
1.14
1.15
1.09
1.04
1.05
1
0.981
0.958
1
0.944
0.929
0.926
0.865
0.839
0.824
0.813
0.831
0.83
0.825
-1
-1
-1
-1
-1
-1
-1
-1
-1
-1
-1
-1
-1
-1
-1
-1
-1
-1
-1
-1
-1
-1
-1
-1
-1
-1
-1
-1
-1
-1
-1
-1
-1
-1
-1
-1
-1
-1
-1
-1
-1
-1
-1
-1
-1
-1
-1
-1
-1
-1
-1
-1
-1
-1
-1
-1
-1
-1
-1
-1
-1