#test for 4815		
3 0 0 24 1980 1 0		
3028.6392 -6865.5780 05BL027		
3024.3036 -6870.042 05BL019		
3017.1156 -6875.322 05BL022		
0.1	0.1	0.289
-1	-1	0.29499999
-1	-1	0.27900001
-1	-1	0.29499999
-1	-1	0.285
-1	-1	0.27500001
-1	-1	0.26899999
-1	-1	0.26499999
-1	-1	0.252
-1	-1	0.24699999
-1	-1	0.243
-1	-1	0.235
-1	-1	0.227
-1	-1	0.20999999
-1	-1	0.18000001
-1	-1	0.177
-1	-1	0.17200001
-1	-1	0.16599999
-1	-1	0.16
-1	-1	0.15700001
-1	-1	0.15899999
-1	-1	0.154
-1	-1	0.15099999
-1	-1	0.154
-1	-1	0.15000001
-1	-1	0.145
-1	-1	0.141
-1	-1	0.142
-1	-1	0.14399999
-1	-1	0.146
-1	-1	0.148
-1	-1	0.148
-1	-1	0.148
-1	-1	0.15000001
-1	-1	0.149
-1	-1	0.15000001
-1	-1	0.149
-1	-1	0.15000001
-1	-1	0.15000001
-1	-1	0.15099999
-1	-1	0.15000001
-1	-1	0.149
-1	-1	0.153
-1	-1	0.154
-1	-1	0.156
-1	-1	0.15700001
-1	-1	0.15800001
-1	-1	0.15899999
-1	-1	0.16
-1	-1	0.162
-1	-1	0.162
-1	-1	0.163
-1	-1	0.163
-1	-1	0.162
-1	-1	0.162
-1	-1	0.161
-1	-1	0.162
-1	-1	0.16500001
-1	1.59	0.17
-1	1.58	0.168
-1	1.52	0.168
-1	1.51	0.164
-1	1.52	0.15899999
-1	1.52	0.163
-1	1.53	0.16500001
-1	1.53	0.163
-1	1.53	0.16
-1	1.54	0.15800001
-1	1.54	0.161
-1	1.54	0.161
-1	1.55	0.16
-1	1.52	0.162
-1	1.52	0.16
-1	1.51	0.161
-1	1.49	0.164
-1	1.48	0.163
-1	1.46	0.16500001
-1	1.4400001	0.164
-1	1.42	0.16
-1	1.4400001	0.15899999
-1	1.41	0.15899999
-1	1.41	0.15899999
-1	1.47	0.164
-1	1.42	0.161
-1	1.4400001	0.154
-1	1.46	0.162
-1	1.47	0.15899999
-1	1.48	0.15700001
-1	1.5	0.153
-1	1.53	0.153
-1	1.5	0.152
-1	1.52	0.156
-1	1.54	0.169
-1	1.53	0.167
-1	1.49	0.17299999
-1	1.53	0.199
-1	1.55	0.212
-1	1.5599999	0.226
-1	1.53	0.21600001
-1	1.51	0.235
-1	1.55	0.241
-1	1.52	0.25
-1	1.53	0.264
-1	1.66	0.29100001
-1	1.8200001	0.31600001
-1	2.0999999	0.34599999
-1	2.3199999	0.44499999
-1	2.8900001	0.56099999
-1	4.1599998	0.73100001
-1	6.04	1.05
-1	9.5100002	1.4
-1	9.8000002	1.35
-1	7.8200002	1.3
1.3	9.2399998	2.0999999
1.8099999	12.6	2.5
2.01	15.1	2.99
2.2	16.299999	3.5
2.46	19.4	4
2.6500001	22.9	4.6500001
2.77	25	5.3000002
2.6199999	24.799999	5.5300002
2.52	25.6	5.4000001
2.5899999	27.700001	5.9000001
2.77	29.4	6.3600001
2.52	29.200001	5.8899999
2.5	28.799999	5.7800002
2.47	29.5	5.5700002
2.21	26.700001	4.77
2.0699999	23.9	4.0900002
1.99	23.4	4.0500002
1.8200001	21.700001	3.5799999
1.72	20.4	3.22
1.67	19.9	3.02
1.59	19.299999	2.8499999
1.55	19	2.8199999
1.59	19.5	2.8399999
1.6	20.1	2.79
1.59	20.9	2.8199999
1.61	21.6	3.04
1.64	22.9	3.45
1.64	22.700001	3.45
1.85	24.4	3.5899999
1.8099999	26.1	3.71
2.01	25.700001	4.5100002
2.74	29.1	10.5
2.79	30.1	19
5.4299998	65.900002	23.5
4.6300001	57.599998	18.299999
4.6199999	48.700001	14.7
4.29	45.799999	14
3.8800001	43.799999	13.3
3.5599999	40.200001	12
3.5899999	38.099998	11.1
4.2199998	41.599998	11.8
8.2200003	48.400002	12.3
7.8899999	47.900002	11.4
5.9899998	45.900002	10.8
6.25	46.099998	10.5
5.1799998	42.700001	9.3299999
5.1799998	40.5	8.8299999
6.77	43.400002	8.9099998
8.9099998	50	9.3000002
6.9299998	53.099998	9.6300001
5.5	50.5	9.3500004
4.77	46.200001	8.4799995
4.7199998	47	8.1300001
4.9899998	49.400002	8.2299995
4.6799998	47.299999	8.5699997
4.1999998	47.200001	8.8500004
3.75	42	7.6799998
3.4100001	37.200001	6.7399998
3.1900001	34.299999	5.9200001
2.97	31.5	5.3000002
2.74	29.1	4.6900001
2.55	26.799999	4.2600002
2.4300001	24.5	3.8699999
2.4000001	23.299999	3.8099999
2.3599999	23.6	4.02
2.28	21.5	3.6700001
2.1300001	19.5	3.25
2.04	18.299999	3.0699999
1.9400001	17.4	2.9400001
1.83	16.1	2.77
1.74	15.3	2.5599999
1.66	14.6	2.4000001
1.6	14.1	2.26
1.53	13.4	2.1300001
1.47	12.7	2.03
1.4	12	1.97
1.33	11.5	1.88
1.3	11.1	1.8
1.27	11.1	1.78
1.24	10.6	1.71
1.22	10.1	1.66
1.16	9.7399998	1.6
1.11	9.3599997	1.59
1.08	9.0799999	1.54
1.04	8.8100004	1.46
1.03	8.5100002	1.39
1.01	8.1700001	1.34
1.11	8.6099997	1.49
0.99000001	8.1300001	1.33
0.94400001	7.6199999	1.24
0.91399997	7.4200001	1.2
0.90700001	7.3899999	1.21
0.88200003	7.29	1.15
0.86400002	7.0700002	1.1900001
0.852	6.8200002	1.1
0.83600003	6.5	1.03
0.78200001	6.1100001	0.991
0.79299998	6.0100002	0.96399999
0.73299998	5.8699999	0.93400002
0.713	5.6700001	0.90600002
0.69999999	5.4400001	0.889
0.69599998	5.4299998	0.90100002
0.75599998	5.9699998	1.05
0.68000001	5.7199998	0.92799997
0.76899999	5.6799998	0.99900001
1.21	8.3900003	1.36
1.13	7.9499998	1.12
1.08	7.52	0.99599999
2.1800001	10.8	1.83
1.92	10.5	1.41
2.01	11.2	1.66
2.5	14.1	2.1099999
2.4000001	13.4	1.86
2.1400001	12.1	1.64
1.88	11	1.47
1.76	9.96	1.33
1.6799999	9.2299995	1.25
1.73	9.3900003	1.35
1.64	8.8999996	1.23
1.51	8.2600002	1.14
1.4400001	7.9699998	1.09
1.35	7.6199999	1.03
1.28	7.1900001	0.977
1.3099999	7.0700002	0.98199999
1.22	6.9200001	0.95599997
1.15	6.5	0.88599998
1.09	6.21	0.83099997
1.11	6.1399999	0.78200001
1.1	5.96	0.73199999
1.03	5.73	0.713
1.04	5.6399999	0.70899999
1.01	5.5500002	0.68300003
0.98500001	5.3499999	0.70099998
0.99599999	5.2600002	0.77100003
0.92699999	5.0900002	0.81400001
0.903	4.8699999	0.84399998
0.88	4.6900001	0.79000002
0.91100001	4.5999999	0.80900002
0.90100002	4.9099998	0.93099999
0.85699999	4.6199999	0.889
0.847	4.4499998	0.87099999
0.83899999	4.3200002	0.86699998
0.89700001	4.48	0.89700001
1.0700001	5.1999998	1.1
1.09	5.6900001	1.28
1.53	7.21	1.85
1.61	7.25	1.59
1.76	7.5799999	1.89
1.73	7.7399998	1.66
1.6900001	7.5300002	1.61
1.62	7.48	1.58
1.54	7.3499999	1.5
1.48	7.0500002	1.4
1.42	6.79	1.3200001
1.41	6.54	1.24
1.38	6.27	1.14
1.33	6.02	1.0599999
1.3099999	5.7600002	0.96200001
1.29	5.6100001	0.92000002
1.27	5.4499998	0.90899998
1.58	8.25	1.63
1.5	8.25	1.25
1.45	7.6599998	1.14
1.42	7.3899999	1.13
1.39	7.1599998	1.09
1.36	6.9299998	1
1.33	6.7800002	0.94800001
1.3099999	6.48	0.93300003
1.3099999	6.3200002	0.97100002
1.3200001	6.8200002	1.24
1.22	6.4499998	1.09
1.21	6.23	1.03
1.17	5.98	0.98900002
1.14	5.8299999	0.98299998
1.15	5.73	0.963
1.09	5.6500001	0.94599998
1.04	5.25	0.81599998
1.05	5.4699998	0.99800003
1	5.1700001	0.93000001
0.98100001	5.0799999	0.90499997
0.958	4.98	0.89399999
1	5.21	0.861
0.94400001	5.0700002	0.87
0.92900002	4.52	0.88
0.926	4.6599998	0.71100003
0.86500001	4.8600001	0.83499998
0.83899999	4.7600002	0.75
0.824	4.6399999	0.69
0.81300002	4.4000001	0.64300001
0.83099997	4.6300001	0.73100001
0.82999998	4.5	0.685
0.82499999	4.3000002	0.69400001
-1	-1	0.75199997
-1	-1	0.81199998
-1	-1	0.722
-1	-1	0.77499998
-1	-1	0.82499999
-1	-1	0.83700001
-1	-1	0.88700002
-1	-1	0.90499997
-1	-1	0.79500002
-1	-1	0.74000001
-1	-1	0.73000002
-1	-1	0.72000003
-1	-1	0.70999998
-1	-1	0.69999999
-1	-1	0.64999998
-1	-1	0.60000002
-1	-1	0.56999999
-1	-1	0.583
-1	-1	0.58999997
-1	-1	0.60000002
-1	-1	0.55000001
-1	-1	0.54000002
-1	-1	0.52999997
-1	-1	0.51599997
-1	-1	0.53200001
-1	-1	0.52700001
-1	-1	0.53899997
-1	-1	0.54900002
-1	-1	0.54000002
-1	-1	0.53399998
-1	-1	0.46799999
-1	-1	0.461
-1	-1	0.46900001
-1	-1	0.46399999
-1	-1	0.45899999
-1	-1	0.45300001
-1	-1	0.447
-1	-1	0.44400001
-1	-1	0.44
-1	-1	0.39399999
-1	-1	0.36000001
-1	-1	0.373
-1	-1	0.36399999
-1	-1	0.35499999
-1	-1	0.419
-1	-1	0.56300002
-1	-1	0.58899999
-1	-1	0.65799999
-1	-1	0.315
-1	-1	0.37
-1	-1	0.382
-1	-1	0.37400001
-1	-1	0.366
-1	-1	0.366
-1	-1	0.33899999
-1	-1	0.40599999
-1	-1	0.95499998
-1	-1	1.05
-1	-1	0.96899998
-1	-1	0.92299998
-1	-1	0.92000002
